1000 NUMEROS DE MOVISTAR

7771876382
7772710969
4426247622
7773488067
8331031006
6691260211
2291826333
4621000795
6862269210
2481317917
6421377560
5565724897
7711882286
9711642155
5560095840
9671043831
7221026020
3314219005
5563294505
5528246004
5575567654
5537511124
7471518353
2223369933
9821132085
5544899498
9631462816
5533184198
5546601404
5544650783
5573785210
5575571152
4941012051
7774102367
9626300773
2225118851
8111251157
7731411098
7721461353
6563414933
9512473371
8713940618
5535844272
5564360416
5521389879
4431811812
6677946098
9681043100
6692558166
6311228445
6677812159
7361024066
5516155951
7861340393
5525019683
7531322395
5575295250
7228387484
5528539915
5570596607
5545011992
7712310721
8713632480
5575221078
7351692127
5520462227
6564054137
6641551983
7321007418
9161055322
5515873379
6461394062
9612095180
9992790230
5519584031
3121059994
5571397244
5547919914
5527800853
4622240057
7774481790
5537450794
7771253129
5514142129
5520209202
5518940258
4773733767
4921329711
5517664978
7621052393
7731634328
4773176857
7755937043
5560237700
5585279700
7352325847
5526925747
7222486736
5561068476
7771422560
7444070780
5528243237
6241091277
9671246006
4615465012
7352365396
4351082381
5529400252
5514346698
9622242368
7441478972
6181251870
7341504863
9991584968
2292533558
9992747794
6271023457
9211807463
9221361609
6121390579
4424810253
9621636143
5575427707
9711801878
5533771998
7712837699
7771910072
3312314644
5511862325
5518918226
7228426873
9711749477
5566151313
5517622541
5517683116
9711798621
4561112317
8712447485
7791010864
5518897733
2471215910
6531112317
9811364606
2282332522
8421131188
2411560270
8342322026
8338544698
8442444457
5518659281
4811460402
2226544337
5563988895
4432677090
7441979972
5542440130
7121777366
5513488743
5530860155
5569850117
7772155471
5533635727
5585601244
6672939417
5571312301
5513944963
5538231702
5516397359
7772686274
5575392268
5571170073
5542896628
5516059127
5561554525
7224390112
5563398781
5516025975
7228542355
7441307381
8121025898
5568893318
5560830695
5547264193
5542398570
7221776394
7771892641
5517736145
7721130444
6121435021
7341374387
7791012661
5525267627
2226314788
2481264343
6441235378
2711458794
8993321871
7223393201
8117061074
8112028414
8184748183
5585508258
9211559726
7224252477
5527532610
3314956826
5542408220
6677978113
6645386663
5564049879
7774112246
9211847927
8331494713
5521187358
7531564491
8123753372
5591075994
2227612341
5514052291
5569762979
5538103247
5523806071
7331229350
5564930135
7751413417
5517715702
9711580458
7772000160
5575039034
9612698754
9621748004
5523774514
7772554431
5560098826
5528103805
4981058143
5514338878
7771558100
5533217497
8713099232
5526955485
9711100680
5524100040
4511002311
8713582819
8712060128
9612973464
9671640964
5564718618
5514456960
6241184414
9613154810
8721162771
5532663240
5537248319
5531743469
5539165477
9621822118
9711376490
7224274614
5546375829
9612046674
5538282029
5524006755
5546134507
5547175189
8681886508
7772347084
5542165182
4811211525
5536613238
7225743631
5514014172
5519800180
5537239557
5535677864
9612710319
5532667787
7224352262
5566224212
5573895168
5546912940
5514822410
5515821583
3310454358
7731350841
7442706606
6461917633
5951016727
5537531900
5537208389
9621603324
5560242334
9612637030
5575577893
5537827646
7772107587
5552756219
5540451186
5529400809
5523167105
5531337074
5518708447
7772952414
9671462937
5532923159
3141497359
5547237084
5570131448
5533902996
9612350961
5545189365
6691255586
8118465524
8122206305
5514489727
8261130307
8333302316
4432842396
7774092302
8442334273
8117230422
7772543169
7341241955
9983142873
7772550662
7773029286
5570669403
7772007370
8115596557
7772727795
7351183953
7352327614
5518929355
5542256725
9512137153
7773436094
5571494053
9221368583
7224085519
6645320195
5552143252
8993457212
6671668955
5515224664
7773415262
8311345386
7731465535
7341028822
7751077919
5514036556
5515835604
5533229576
3321441423
7712226379
2223547357
9541015135
4271581132
2491273789
2223865496
2741021876
9711473277
2223873566
2222004544
4423424890
8115740935
8771327529
9711472817
7711645236
2231045863
2228271194
5512981809
7772704779
8713803426
6645404152
7228599902
7223981294
4442909439
8121113998
9671180002
2292524094
6441114357
6672933946
6674265563
9991462648
9841541650
9841122293
4811315736
7891013773
6674240915
4811286322
5560501852
5569773152
2411380985
5573677980
7221939399
5531781316
7224495191
5566008632
7773438918
5514371628
5518709218
5560427965
5571217053
5517662342
5539043477
7751365272
9811471674
7531079710
7621028935
5562406387
6671203491
5561427464
5518058118
8261133271
6321024432
8682461239
6311200978
6535384407
6442025385
8671457555
9931670677
9371371393
5521887471
7773476938
7224694490
7712588071
5575417202
7442138076
5568581267
5546666628
7352310323
7731332296
7911000635
8342089374
7222016881
9631300564
7121124899
7261013475
7775653856
7774134314
9512154290
5542544648
7681088813
8991858878
8333822623
6692312023
2291525711
8341252798
2461394822
8681973885
8682620227
7341034288
8311315673
7651061962
8333362817
5533167195
2461613025
7821517210
2291890971
2717007682
2461572927
7341472860
7441303679
4641076372
3251010148
2221849221
6561772523
8341693843
6441623522
6863173765
6143490899
7757604482
4871323027
8992315447
6643605791
4761031965
8111278895
3121507845
9711632592
2321230032
2381359216
2299088681
6462364690
8118027809
6461301217
6681380931
3121797758
2221776573
2225134696
6461601206
3131033125
9612920140
3311028891
4131102776
6691678949
9221188060
6981173497
6682362563
4421315976
6681185624
6181264202
3111664377
8711607828
2288561687
6645236300
8713731707
8712441273
4921511861
8681131157
8993527832
9811855633
6642570427
5520600327
5514068046
9511543988
5528303438
5533684694
5520543578
6691138600
7442555609
7771536720
9711050992
5518346469
5572962647
9811415741
7751577535
5518683717
5534315989
5532833170
7442124517
9513195890
5560287936
9511224188
9626010672
9581109853
5561523098
5585540114
9531048277
5554695265
2811010895
5540012109
5514953475
5535789856
7471428050
5524219127
5524135537
7791130734
5575568616
9721013656
5575548372
5510611902
5515942715
7821242224
5535911236
5565088605
9625939552
5530407100
5572769322
9711546165
7773387937
7771491155
7772964579
5562091824
5523929450
9581109989
5573028804
9513423677
5575502975
5562479202
5562390775
5542533274
9622220052
9512637173
9631287224
7771568760
7442997659
9511214823
5532729446
3511124384
6563077002
8721125995
2227363365
8992706614
3314450652
5518663255
7223315387
9661076675
7441335999
7771485958
5533097018
6862318961
5515890520
2228328273
7831142604
8117125027
8681878013
9371312765
8992972275
6143716106
8115598569
8311045233
6441523628
9911057361
8714095685
8992520132
4691142303
9171255547
9211277790
8311216685
8681144533
6621307506
8681714362
8118971280
2711201518
6563744550
3241055999
8112050567
6241363926
6672482964
8311045987
2291434729
2321164884
6311327493
4291105297
4445079024
2228356913
4431631367
3121068329
3321474408
3318299444
8111961118
9933183067
9982637159
6861978567
2293175401
2711799459
6862656061
6563301222
3461013142
9831433063
2228604585
3313299831
6641781714
7222486124
6645615589
8111177728
7771634056
5522127218
7226361907
5568662679
7441479862
5532804957
5561536267
9631383354
9811120154
3121102097
8711345621
9811417080
6648098261
8713088664
6643871479
6241187747
5521932108
6122005459
3141060429
6641121576
5546888535
8713047072
6241786248
3221663385
3337225626
8118575999
7713422314
5514468208
5511429915
5516154654
9512123774
5537984066
8681201569
6562706745
6141729262
9612667858
9613067745
4774907684
4611529342
9621486324
6182241356
4661002821
7441324998
4771350387
6861935024
4775013407
9671115947
5572927823
5563370608
5571202284
5532997312
7221069891
5564736536
5547723615
5564516788
5567331926
5591905528
7223367309
7711147136
5549805196
6642542242
7227947537
6564587527
7711342811
4425670907
4612510671
7831281670
3315134744
9631303362
7771979250
7751486657
8113718659
7771566429
5523739490
9511554312
3331046371
7751808311
7751288404
7621061252
3121985371
4772605322
6671219573
7731744740
9622070070
4451243508
7442448599
6182084963
3317167007
6181804859
7711344446
9711117352
5542554360
4492200792
7751333812
5515251154
5547137680
7774249457
6391384412
2282701254
9932973231
7351405490
7352497783
5533684885
7531254408
7226078401
5528034185
5515295398
5546543560
3318866214
3311251800
3222406623
8671819299
5568602082
3311075130
4381057919
5568628410
5563586633
7121121023
3314822399
7772848149
5530740018
8991896099
5533658678
5542432136
5537811200
8113147058
7221370627
5585859310
5561754088
5565656231
6142103968
6862788437
5538002164
5517544997
5518760962
9531589579
6738520112
6242256030
3310722051
9241151976
7774225779
3310674274
6865903868
6681827985
9981016803
6681154985
9211315038
3321180822
9381459602
2299780241
4423018161
8333661618
4131193721
3411230263
8333672219
8334081585
6142291323
6121486878
4181182545
8991823798
4811202675
6673249354
8122192046
3411244023
6643274411
4731227062
6862828949
8281133565
8333794973
8712414757
6671969737
4774737942
8118645176
8461059748
8331411566
8681992710
9211322142
2441063909
3221432702
8713655274
5523891647
7971213811
6621914006
9931112810
9211472112
8122196001
8721159337
8711885529
9232318465
4774797540
2226138102
4612181206
4761165630
9931814743
8121717876
3316340772
8991826781
2291472206
3314823080
3316809051
5569307840
5531728529
9611275768
7341444308
5542420831
5566063753
5537547608
5572782932
5516084119
7731684339
5571875444
5532382904
5531327287
8112711189
5533420527
3221754680
9512988617
5574256366
5585281002
7772732118
5546752933
5520073440
5542572525
5523659206
7772001399
4871034202
7227003984
5535924317
5529880120
5531191474
7351985758
5518938200
5517714803
7771807036
5546753611
9511135997
5528960849
5515383851
5524073177
5529934072
5566206196
5528067390
9512000499
7712660885
7121682165
5525971601
7441455833
5537868973
7227546550
5560205715
7712448850
7441214730
5560362992
9612860761
5530234732
5530053665
5571674951
5563391261
5527027795
5529432554
5523788882
7772019387
9992080508
5514343061
9831805634
5515963563
5542382226
5543105914
9513319910
5524020900
5537569813
9613050350
5571474623
5523655455
7721461463
9711475046
5580576563
5572138516
5514165173
5562557467
5517688473
5562503778
9711362510
5539043010
5537624798
5575686523
5564206187
5527994295
5575659954
5546534609
9641027371
9512153770
7772950039
5566657992
9951028331
5575310648
5514170885
7226418426
5533857936
9711369243
9661054304
5569393478
7341249920
5572958193
9661058331
5568583408
7471199303
9631123695
9531635425
7772801863
5571443409
7351827058
7772968559
5570770860
4498678108
4591022617
5516093461
5518278427
5560077085
5533117031
7774126237
7223334012
7442103465
5531504611
5517491755
5560078033
5542135601
7471858543
5518684655
5516945384
7471891908
9926996118
5572853557
7771286411
7773437280
5515922512
9513194248
5571396037
5573721044
5575321148
5517688463
5564856812
5516305624
7471847439
5537216069
9711640796
5531786555
5554641596
5518947162
5533950390
7221869803
9186948593
5515321909
