100 NUMEROS DE MOVISTAR

7771876382
7772710969
4426247622
7773488067
8331031006
6691260211
2291826333
4621000795
6862269210
2481317917
6421377560
5565724897
7711882286
9711642155
5560095840
9671043831
7221026020
3314219005
5563294505
5528246004
5575567654
5537511124
7471518353
2223369933
9821132085
5544899498
9631462816
5533184198
5546601404
5544650783
5573785210
5575571152
4941012051
7774102367
9626300773
2225118851
8111251157
7731411098
7721461353
6563414933
9512473371
8713940618
5535844272
5564360416
5521389879
4431811812
6677946098
9681043100
6692558166
6311228445
6677812159
7361024066
5516155951
7861340393
5525019683
7531322395
5575295250
7228387484
5528539915
5570596607
5545011992
7712310721
8713632480
5575221078
7351692127
5520462227
6564054137
6641551983
7321007418
9161055322
5515873379
6461394062
9612095180
9992790230
5519584031
3121059994
5571397244
5547919914
5527800853
4622240057
7774481790
5537450794
7771253129
5514142129
5520209202
5518940258
4773733767
4921329711
5517664978
7621052393
7731634328
4773176857
7755937043
5560237700
5585279700
7352325847
5526925747
7222486736
5561068476
7771422560
