135 NUMEROS DE VIRGIN

2224905716
2221323114
5561331518
2223743278
2288552442
2221786179
2491085785
3315643984
3339554673
3315318009
3334962436
8113008573
9971172750
5545578887
5526721874
8116185658
8122134885
5574603875
8334449627
5534439791
5542236833
5535639635
4775630642
8123901292
5511349759
8111661315
7352319222
5520291239
5561907507
5521507824
2282211746
8117986879
5551538549
5513041239
4421471372
3310755589
6181703038
5528782411
5516894166
4422583145
5513681261
4737567053
4441195835
5527321404
5532767018
7222476150
5562514037
5560999179
5539799371
5529570349
3312829807
5539061236
3314996010
9991607924
2281437116
5539880174
5565086680
5513095709
5536521663
5536623021
5518038271
4421444587
5585815069
3315377396
5516141505
5513552824
9982160680
8116273173
5537088981
5521712331
5543833953
5518004376
8112480670
5560697036
5519524347
8114739111
9999094542
5541815767
5521890623
5529146755
5540772504
5548899756
5523132944
5527458359
5569406494
3312714606
5531156276
5512430131
5554026379
8115101198
5525615448
5538482967
3339461635
9992809329
5545874532
5573785949
8111776964
5529848984
5533488328
5529631970
5530777387
6621231595
5537111815
3319457795
9999556207
5515804710
9841692635
9981547733
5535511907
7221169358
5520871486
5546175187
5527741061
7222040885
5519147525
5521069520
5546148462
5532342573
5511327527
3314440357
8114119175
8119961217
3221293310
6643125756
3312987361
5510169110
5527475186
5567050110
5531444940
5532536602
5541384615
4521166610
5515749824
5554966458
5515885693
