216 NUMEROS DE WAL-MART

2227343775
2299848552
3111625371
3141026600
3315203996
3339473086
3334018158
3319289043
3333685529
3315304999
4491053984
4491506251
4771261988
4771450685
4811030705
5576168050
7442939025
4423350341
5530257596
5523116441
5554715995
9621842761
5568097519
2871162572
6421523174
5514090503
5548421007
3311511480
3312518535
5536805070
3312309860
8441301499
5536760250
5541272625
2292428611
9991552791
8120731022
5549142482
2281574300
7225385205
5566941798
2282433285
9993381649
5585304788
9811233990
4931022553
2291388305
7821227279
9811100029
8110649040
8110287045
5544710043
5527600952
5521343904
5554028274
5591972516
2291377063
4444213367
5514928591
9981478491
3314377415
7224451135
8180231699
3312680241
4611528322
9992192476
5559532397
9616672342
7221685222
2222624125
6673050409
9671359803
5544847099
5568150901
7445869921
5560146236
4441885589
9611265312
5550509555
5566787949
9993181718
6611087868
5546096430
9811083226
5560283615
5540907457
2461153360
5514149102
9612856856
9993571242
9981614448
5537294956
5526715212
4443345160
5536590893
5519176553
5544219641
2288564022
5547273345
5543526581
5550695398
4432438189
5548103007
5520149722
7227081328
5533652807
4271172021
9981337515
8116831503
9646230630
2227077860
5548141069
8331479810
3334931987
5555043512
8341030350
5540683203
5569406377
9992179724
8114960596
5518265882
4939396557
7711029732
8331029883
9992420410
9993094074
2221565174
9711131094
7121642843
5540902210
5513378390
4776750835
9612755584
8112047356
5510248728
5528421027
4441242526
2222012119
2281084766
4921070776
4921345588
5538419608
8331279270
5543654312
7737369970
5518897677
2281946808
6181162412
5547978595
4771591411
9671360997
5520789770
3331752411
5574106442
8123547107
5538947089
7731102077
8117951685
5542364330
9612043891
8112887000
5548114742
3310470470
8180190993
5514259026
9831207858
9971129646
3313056605
5548900267
9992420807
7731634953
2222384643
2299135313
9991302383
5521166041
8116607036
5591983679
7225559068
5539990313
5539962373
8120805304
9621312358
5951129983
3311080707
9811100529
4498970981
7225107402
4491990792
4929050259
4772555585
5535278607
5526890737
5521770800
5566342134
8120329977
5540788930
4771237597
5539449887
4491721959
5519647945
5520210686
5531498421
9811670766
5543637822
2225233345
4492535942
5516787029
5527497069
9221159459
9993349686
8681240894
5520846910
4411156482
7224315110
6181343705
6181120580
